1 -222 -17 501400311612213534200235562115401113426105220206621362430423610056500043401645353640350564020326000031106061351226255202121523350110343541435254666323364312155234132351105212253320206616201510541355551626001421313325211302663240154316301015126
10 -19 1 243252605446225402026223412165325110436141664236460530435012564660506625100453415132612414231655242400430400446336212602411113315432461253544525422610635614265643420165625441630243124151263416423024226132462443530230635146332443643405013252061
20 -3 5 343252423131033460656263322165325463430441064234660240442016564660505624155235505134611414231655242430430400046336262602011113315432461253644525422610234460565643420233155446142352536345323220112422654234644541240520525005231656660521141252630
30 0 11 243252045646225200652653402365325462250141256234420256033212564260526625100443211404211114211655242450440402426336216150364146165464012145042532431024140320022641250233155056140252516345334120110222652234654541240516525005201453662531141222630
40 5 20 163252425456225102053335340121155605641163625615160635632032564260566225115245555130631214235650242130430420446235116150364146265464016145042532430156146520025641250233355456640252416345634120112122654230254541240516525005211656662513141256642
50 13 26 240252115656255405313354544151356601651235625415166310635013561400506223110351044454611424112653242400430406056336266654061646115462016145442534431024140360522652250233650456146252414345324150102122654230354541250516525005231656662510141240635
60 26 70 246353604656251264650601544151333463250252252532140030305002654222564433110444535150665404231653242400430406056331226654661146165466016245644522430156141520022641050243050254140252416345334150100222654230254441240513535005216656662513141251601
70 64 110 256353604655026250650104544151656656250013225035130456001203534300526223110445545154636404231255242450444432400304216655061146465464016345042062031024544320024600256243250256140252416345344050110222654230254541240516055005101656662511141255540
80 84 133 256353604651266610556614544151352001651626225045166240435001260340506223120425555154611604230655240450400400052536251654064146464362016345342512031023544320024640056243250256660252416545344150110222653230254541230533545005536656662413411246601
90 96 150 256353604612026250156614544150353001651626225035130456026001364140526233130425044154361406231355243440445202056335266653462446465462010345042522025323544320022640256643250256640252450544344150415222154130351541255613153005266613622513641255443
100 120 178 656356602654026250154354504151356603651626225345130456556203461404526522102304532156401401601352240350640402600304252152601146165402016345045562030022346234562640226245250050640252466606323155130222155230254141643511222005226613662113641262622
110 144 191 655353254652124240651654504151353301651626221045235456506203451400526522132354550054603604201352240350644232600304256150601141665504116344055505035024544660411045256245250253146252416505343152116224156230350341230313030035551626352543141155441
120 153 206 656353254652026250651604504151353001651626215115120452006203421400525522102354554054603604201352240600644232600304256150601446165464016154045362336026124360501640255253250253343254113045644105660225656230254343030533565004201123045023501266121
130 158 221 654353252652026250154314114151356606650655215316131456606000426456056526122314566054603604201352254353644432662304256150011446155464020645041552035022505345553641256245253256646255113643644050112222154630254131234531415131216643402513141422321
140 171 237 653355054652026250154354114151356601651656215613134456603001261322506625502354534054603604204352606350633462600004253153201424155654014655064511035022544665013022054243256250656254113653644150235221154230254151234536416411136630011614505255151
150 179 257 656350054652024210654354114151353000651655215013130456603001436420056522222344262050303654201352220350344402100304256150601446165654014655064522636022244665013042054243253250655255113653644150532223154230254161234536413411136636011615605216601
160 180 252 651351054352326250151351414154353001152656005313130446623652451324306215205630132054602004004356651350634603100302256150101562155664510645254512065622144665463022255243053250253256113653644150265224154230254151034333011411316031612616061060626
170 197 262 656353054652026250154353114151353051651654625313112016603000236300556522001250132054603004015350211330634602600304253150601466155654014655064514005022203645503546256245255050655255113353614154135224151330254151034336411361116031142420456460441
180 186 264 653353051652326250154351116151353051651651542613112013653020436300256522101354133054602056201356601350614232602304253655401433355654015615014562060020154655015641254245255215655255152630362054632223154230253161032263523230201426355603605355160
190 201 263 653353054652026251154351114151350055651655243310112016653023406456052522342355131054603004211322211354636603650304251652401420355654035655013511061522105545513641206240253250655255110623444151631223154230254152034336411411306045362616604666361
200 200 273 651356054652025250154354114151355056651355215313312012653000403300056532502250143054653035202322203350132542605304254654604406155654015645014112001020105625063020256245255054650255113361616156234253154230250156035536515416201022355625303164341
210 210 271 654356054652022250155354114151353051651655526311112016054000436355256523002350315054203004203313203352634626604302252101601656651614025255016411160520105145213641256263253050655255116324616154632224154231254152234536412062555366011615601164361
220 211 287 650350054252022210102354514151355051152355515313312213053000436630056542452354143054602056202322221350052541665304253654401420155656214135314522552420603440545641256263255050655252111623654155234223150230252156533532403234256055636610005663324
230 216 305 656350054252025251154354304156355051651355515313312513620030406356452522602333232052104056202322244350652646603304053650401650355654113655014513061630455144513641255262223056615255151623254154231263154235254151034332063411311145612606641062530
240 225 303 651354050654323251154351254154355006251350061313314016663400436355652522302350131055006051201323221350631543605304252231361420151654414255562615060122454656013631255263253252653255111660644105632262154233250156236332403334505312605221450022024
250 229 304 651353051251352053154354014151355050456350466351616016055330406356452025303342031054602054252302621350532644104354252201661650355654514255014111060122454656013632235263353252665253154320144152225221155231253656016335166415666545632633425116510
260 229 310 651356054252026222154354314153354056253251613354116016050351430356064522342352145055002054203353066350662203603301253650501651354155610104114454005122354645163632253264251256655255155640010053235222156231256151423345266415616542605021450522560
270 237 311 651355053252360650154352323153354651253251015354316416056020606353053021362350501055006052603363263654150542601304253151322023352150114055012645001112454656013432255264352254651255110650616153235222156231256154266365266414505316565225150020414
280 237 311 653356053250350654154353314153354656251251623354316026050052336366652444306461614055002052603363261052104442606304252200261420155654123655606105001112454656513640203262252250655252154326214152233222156231251154066335266615505315635221450520316
290 224 309 654353056250352054154353314154352652253651313350356026053052466356642022302350052055601051201323261354562543601304256151322623352250113655016521530462463636503642056246251250115255152646013153233222150235254151224446520604506046605241450330414
300 259 315 551352055250355654154344324153354656256651613354356026050052434356052223605320125056301051201300224352031442606305651650206423055554533655022105005425463043132431656266253250655254152244014154235252156235254151223642640604502316635225450505514
310 248 318 654353056255356654153354540154354256253251613354353416051062434356052243342352621005001052653365264355031442606305651650204423051454642650601106051136055146213640256644254050256250154644014154235252154232256151254346616004006546630245653562560
320 232 313 651353056250350254154352310154354256251251113354316036054352050335656044505322125052001055203503221316322542606001251650000426152535241635026123405520463146513610254223051250656252156006210153235252154234254151414245261004006546602010450036414
330 246 317 654350056256350654153354314154354256250251653654353126050052405652652621004320041053052251203321064355135042606306256650201353051454622656601106001032465442213141206263253253656254151356014153233252152234254151224342633361233125645221230251134
340 260 315 654354054252350654153350514156354256256251653350356026054051506353355524301350415055004052651565253350232442606306060153522616355653533650603402004156343136213640256263551251356255150554010153250352154234254151066565216526006045513144250520003
350 241 316 656350053252350654153350014156354256256254053354356024054052545355652522364350641056055252626203243350354633006302060650450425151450531650364023425100463136553640256256053250654255150146314153233252155232250151211565216556001145515541230251134
360 249 318 651352056252350654153350614154354256653251353355316326055052405355652664301330130050055055203103214351354543001103654653001023352040230635424153302525163134515434252351253250454252153214324153233256056232254151215446533336006245515141250424034
370 243 313 651351004252320654153350410154654256253251023154352456054652516356052444305341641052005052203303253250352603002303253653656626323155250635026123302500463034115434056256254250253252154146640151233215152234254151561346633336003312125235553520030
380 248 320 651354054252350654152352216153352256253051053353356625054051546352352244303351445055002055204355254660354623001306203663001322356050333266520126624100456000115534256656253250654250150146314153233250054254250152054352633366350045315101256520335
390 250 323 651352052256352053151354210151356252252251323364354026053254546352352562301010655055054055202303253353344543001506255603256612354155501635550303623102466000515033256256253054654254164146311153530252150234250151204342636003052045315435433562660
400 244 328 651354053252356654111353420151353056253156023352355626052055642355633523324351425055054055203003222354644633031306253602150006350653561635520303425104266002115433256256353250253255100141010152230212153252254151254564216051632213315135423562660
410 259 330 656350053252352654151353336151353206253251623354354516050053161352351654304350425355064055206363254353344545600366253602150612053563562652301350601500460000535413056256251256653251156141010152230256155235254151404353521530632410015133435561540
420 252 330 651354052652353654150353415154353252253251652155356516062004546313342515362552545055054055200303252353345605602306256202300613354113514435566413501412663005515534254224254550653251153141030152230251155332454150254366033145304015125135134363165
430 232 341 656360050252356654151353422151353655253151656155356326051054546351355305350352445051054055203343253352364243001306252602150412043563562566014144155510161054535464054234253255663251150151011150230251155332252150204363033645304010125135334462165
440 252 333 656350050252256654154354015154254252251221644155355340050053046351455210350352445053354055203305224653012513101104252005150612053563562562300023305640162050105434254252253256633251151151261052232256155362254150212361333005016545125235533612111
450 268 337 651350055253354654156354012154354250253251662155356326052054541351352044350352415051354055204403224653354313101104250223650116153563563562304003301630362000105436050252253256631251152151261152232254155234256151154316232631016545135235634062466
460 260 335 656330050252336654111353220154353654251151152155356322051054246312355015353350145055354056003653220653354313101104252365150111053563462562400023351533345450116444254225253256263251156156651152233254056235255150214366235656314145335235523162466
470 259 334 651351054252326654153356015154354252253223661155356023052054546051355065350350145055352052303200210653354313101104252053653212053113562522024263551510660001035303256250253256630256153121646152233266055235254655256360634410032012035535334642551
480 255 329 656355054255354664153353420151354250253251661155356326052056563352351045350352445051053052206304224653312413106104052006105116053363360553200003001531345450116401250050256256650251151101054052233256155230254151654356235641313446625243532542551
490 264 333 655354054254354664155353422154354255253151515154351316052056026352351246333352445051053052203203263154314433106302202053653512052113562522024663551511345550156644254224253254353251151154564152232254055230253154456500613424003506333325234445515
