9 -186 -143 555061504223261200356415261530556245352232434604041421106131165521064112261062636602103023211203013644444044624010325212331053520613431425630426605316344303511163214242124663113323352254420400001414515666626124505554133616642050640153131210251
19 -196 -166 555061504223261200356415261530556245352232434604041421106131165521064112261062636602103023211203013644444044624010325212331053520613431425630426605316344303511163214242124663113323352254420400001414515666626124505554133616642050640153131210251
29 -191 -145 555061504223261200356415261530556245352232434604041421106131165521064112261062636602103023211203013644444044624010325212331053520613431425630426605316344303511163214242124663113323352254420400001414515666626124505554133616642050640153131210251
39 -178 -148 555061504223261200356415261530556245352232434604041421106131165521064112261062636602103023211203013644444044624010325212331053520613431425630426605316344303511163214242124663113323352254420400001414515666626124505554133616642050640153131210251
49 -187 -164 555061504223261200356415261530556245352232434604041421106131165521064112261062636602103023211203013644444044624010325212331053520613431425630426605316344303511163214242124663113323352254420400001414515666626124505554133616642050640153131210251
59 -184 -138 555061504223261200356415261530556245352232434604041421106131165521064112261062636602103023211203013644444044624010325212331053520613431425630426605316344303511163214242124663113323352254420400001414515666626124505554133616642050640153131210251
69 -186 -153 555061504223261200356415261530556245352232434604041421106131165521064112261062636602103023211203013644444044624010325212331053520613431425630426605316344303511163214242124663113323352254420400001414515666626124505554133616642050640153131210251
79 -193 -164 555061504223261200356415261530556245352232434604041421106131165521064112261062636602103023211203013644444044624010325212331053520613431425630426605316344303511163214242124663113323352254420400001414515666626124505554133616642050640153131210251
89 -184 -163 555061504223261200356415261530556245352232434604041421106131165521064112261062636602103023211203013644444044624010325212331053520613431425630426605316344303511163214242124663113323352254420400001414515666626124505554133616642050640153131210251
99 -180 -118 555061504223261200356415261530556245352232434604041421106131165521064112261062636602103023211203013644444044624010325212331053520613431425630426605316344303511163214242124663113323352254420400001414515666626124505554133616642050640153131210251
109 -180 -138 555061504223261200356415261530556245352232434604041421106131165521064112261062636602103023211203013644444044624010325212331053520613431425630426605316344303511163214242124663113323352254420400001414515666626124505554133616642050640153131210251
119 -180 -153 555061504223261200356415261530556245352232434604041421106131165521064112261062636602103023211203013644444044624010325212331053520613431425630426605316344303511163214242124663113323352254420400001414515666626124505554133616642050640153131210251
129 -183 -138 555061504223261200356415261530556245352232434604041421106131165521064112261062636602103023211203013644444044624010325212331053520613431425630426605316344303511163214242124663113323352254420400001414515666626124505554133616642050640153131210251
139 -182 -153 555061504223261200356415261530556245352232434604041421106131165521064112261062636602103023211203013644444044624010325212331053520613431425630426605316344303511163214242124663113323352254420400001414515666626124505554133616642050640153131210251
149 -188 -142 555061504223261200356415261530556245352232434604041421106131165521064112261062636602103023211203013644444044624010325212331053520613431425630426605316344303511163214242124663113323352254420400001414515666626124505554133616642050640153131210251
159 -179 -134 555061504223261200356415261530556245352232434604041421106131165521064112261062636602103023211203013644444044624010325212331053520613431425630426605316344303511163214242124663113323352254420400001414515666626124505554133616642050640153131210251
169 -174 -136 555061504223261200356415261530556245352232434604041421106131165521064112261062636602103023211203013644444044624010325212331053520613431425630426605316344303511163214242124663113323352254420400001414515666626124505554133616642050640153131210251
179 -195 -161 555061504223261200356415261530556245352232434604041421106131165521064112261062636602103023211203013644444044624010325212331053520613431425630426605316344303511163214242124663113323352254420400001414515666626124505554133616642050640153131210251
189 -187 -130 555061504223261200356415261530556245352232434604041421106131165521064112261062636602103023211203013644444044624010325212331053520613431425630426605316344303511163214242124663113323352254420400001414515666626124505554133616642050640153131210251
199 -177 -120 555061504223261200356415261530556245352232434604041421106131165521064112261062636602103023211203013644444044624010325212331053520613431425630426605316344303511163214242124663113323352254420400001414515666626124505554133616642050640153131210251
209 -199 -158 555061504223261200356415261530556245352232434604041421106131165521064112261062636602103023211203013644444044624010325212331053520613431425630426605316344303511163214242124663113323352254420400001414515666626124505554133616642050640153131210251
219 -180 -140 555061504223261200356415261530556245352232434604041421106131165521064112261062636602103023211203013644444044624010325212331053520613431425630426605316344303511163214242124663113323352254420400001414515666626124505554133616642050640153131210251
229 -187 -146 555061504223261200356415261530556245352232434604041421106131165521064112261062636602103023211203013644444044624010325212331053520613431425630426605316344303511163214242124663113323352254420400001414515666626124505554133616642050640153131210251
239 -198 -156 555061504223261200356415261530556245352232434604041421106131165521064112261062636602103023211203013644444044624010325212331053520613431425630426605316344303511163214242124663113323352254420400001414515666626124505554133616642050640153131210251
249 -179 -155 555061504223261200356415261530556245352232434604041421106131165521064112261062636602103023211203013644444044624010325212331053520613431425630426605316344303511163214242124663113323352254420400001414515666626124505554133616642050640153131210251
259 -184 -153 555061504223261200356415261530556245352232434604041421106131165521064112261062636602103023211203013644444044624010325212331053520613431425630426605316344303511163214242124663113323352254420400001414515666626124505554133616642050640153131210251
269 -193 -169 555061504223261200356415261530556245352232434604041421106131165521064112261062636602103023211203013644444044624010325212331053520613431425630426605316344303511163214242124663113323352254420400001414515666626124505554133616642050640153131210251
279 -173 -153 555061504223261200356415261530556245352232434604041421106131165521064112261062636602103023211203013644444044624010325212331053520613431425630426605316344303511163214242124663113323352254420400001414515666626124505554133616642050640153131210251
289 -189 -157 555061504223261200356415261530556245352232434604041421106131165521064112261062636602103023211203013644444044624010325212331053520613431425630426605316344303511163214242124663113323352254420400001414515666626124505554133616642050640153131210251
299 -185 -146 555061504223261200356415261530556245352232434604041421106131165521064112261062636602103023211203013644444044624010325212331053520613431425630426605316344303511163214242124663113323352254420400001414515666626124505554133616642050640153131210251
309 -194 -143 555061504223261200356415261530556245352232434604041421106131165521064112261062636602103023211203013644444044624010325212331053520613431425630426605316344303511163214242124663113323352254420400001414515666626124505554133616642050640153131210251
319 -193 -147 555061504223261200356415261530556245352232434604041421106131165521064112261062636602103023211203013644444044624010325212331053520613431425630426605316344303511163214242124663113323352254420400001414515666626124505554133616642050640153131210251
329 -176 -143 555061504223261200356415261530556245352232434604041421106131165521064112261062636602103023211203013644444044624010325212331053520613431425630426605316344303511163214242124663113323352254420400001414515666626124505554133616642050640153131210251
339 -179 -154 555061504223261200356415261530556245352232434604041421106131165521064112261062636602103023211203013644444044624010325212331053520613431425630426605316344303511163214242124663113323352254420400001414515666626124505554133616642050640153131210251
349 -182 -157 555061504223261200356415261530556245352232434604041421106131165521064112261062636602103023211203013644444044624010325212331053520613431425630426605316344303511163214242124663113323352254420400001414515666626124505554133616642050640153131210251
359 -187 -151 555061504223261200356415261530556245352232434604041421106131165521064112261062636602103023211203013644444044624010325212331053520613431425630426605316344303511163214242124663113323352254420400001414515666626124505554133616642050640153131210251
369 -194 -160 555061504223261200356415261530556245352232434604041421106131165521064112261062636602103023211203013644444044624010325212331053520613431425630426605316344303511163214242124663113323352254420400001414515666626124505554133616642050640153131210251
379 -182 -170 555061504223261200356415261530556245352232434604041421106131165521064112261062636602103023211203013644444044624010325212331053520613431425630426605316344303511163214242124663113323352254420400001414515666626124505554133616642050640153131210251
389 -182 -145 555061504223261200356415261530556245352232434604041421106131165521064112261062636602103023211203013644444044624010325212331053520613431425630426605316344303511163214242124663113323352254420400001414515666626124505554133616642050640153131210251
399 -188 -147 555061504223261200356415261530556245352232434604041421106131165521064112261062636602103023211203013644444044624010325212331053520613431425630426605316344303511163214242124663113323352254420400001414515666626124505554133616642050640153131210251
409 -184 -149 555061504223261200356415261530556245352232434604041421106131165521064112261062636602103023211203013644444044624010325212331053520613431425630426605316344303511163214242124663113323352254420400001414515666626124505554133616642050640153131210251
419 -193 -159 555061504223261200356415261530556245352232434604041421106131165521064112261062636602103023211203013644444044624010325212331053520613431425630426605316344303511163214242124663113323352254420400001414515666626124505554133616642050640153131210251
429 -194 -162 555061504223261200356415261530556245352232434604041421106131165521064112261062636602103023211203013644444044624010325212331053520613431425630426605316344303511163214242124663113323352254420400001414515666626124505554133616642050640153131210251
439 -186 -151 555061504223261200356415261530556245352232434604041421106131165521064112261062636602103023211203013644444044624010325212331053520613431425630426605316344303511163214242124663113323352254420400001414515666626124505554133616642050640153131210251
449 -193 -154 555061504223261200356415261530556245352232434604041421106131165521064112261062636602103023211203013644444044624010325212331053520613431425630426605316344303511163214242124663113323352254420400001414515666626124505554133616642050640153131210251
459 -189 -157 555061504223261200356415261530556245352232434604041421106131165521064112261062636602103023211203013644444044624010325212331053520613431425630426605316344303511163214242124663113323352254420400001414515666626124505554133616642050640153131210251
469 -203 -179 555061504223261200356415261530556245352232434604041421106131165521064112261062636602103023211203013644444044624010325212331053520613431425630426605316344303511163214242124663113323352254420400001414515666626124505554133616642050640153131210251
479 -185 -150 555061504223261200356415261530556245352232434604041421106131165521064112261062636602103023211203013644444044624010325212331053520613431425630426605316344303511163214242124663113323352254420400001414515666626124505554133616642050640153131210251
489 -188 -161 555061504223261200356415261530556245352232434604041421106131165521064112261062636602103023211203013644444044624010325212331053520613431425630426605316344303511163214242124663113323352254420400001414515666626124505554133616642050640153131210251
499 -185 -147 555061504223261200356415261530556245352232434604041421106131165521064112261062636602103023211203013644444044624010325212331053520613431425630426605316344303511163214242124663113323352254420400001414515666626124505554133616642050640153131210251
509 -190 -151 555061504223261200356415261530556245352232434604041421106131165521064112261062636602103023211203013644444044624010325212331053520613431425630426605316344303511163214242124663113323352254420400001414515666626124505554133616642050640153131210251
519 -181 -135 555061504223261200356415261530556245352232434604041421106131165521064112261062636602103023211203013644444044624010325212331053520613431425630426605316344303511163214242124663113323352254420400001414515666626124505554133616642050640153131210251
529 -183 -149 555061504223261200356415261530556245352232434604041421106131165521064112261062636602103023211203013644444044624010325212331053520613431425630426605316344303511163214242124663113323352254420400001414515666626124505554133616642050640153131210251
539 -187 -162 555061504223261200356415261530556245352232434604041421106131165521064112261062636602103023211203013644444044624010325212331053520613431425630426605316344303511163214242124663113323352254420400001414515666626124505554133616642050640153131210251
549 -191 -145 555061504223261200356415261530556245352232434604041421106131165521064112261062636602103023211203013644444044624010325212331053520613431425630426605316344303511163214242124663113323352254420400001414515666626124505554133616642050640153131210251
559 -190 -151 555061504223261200356415261530556245352232434604041421106131165521064112261062636602103023211203013644444044624010325212331053520613431425630426605316344303511163214242124663113323352254420400001414515666626124505554133616642050640153131210251
569 -185 -128 555061504223261200356415261530556245352232434604041421106131165521064112261062636602103023211203013644444044624010325212331053520613431425630426605316344303511163214242124663113323352254420400001414515666626124505554133616642050640153131210251
579 -197 -173 555061504223261200356415261530556245352232434604041421106131165521064112261062636602103023211203013644444044624010325212331053520613431425630426605316344303511163214242124663113323352254420400001414515666626124505554133616642050640153131210251
589 -189 -149 555061504223261200356415261530556245352232434604041421106131165521064112261062636602103023211203013644444044624010325212331053520613431425630426605316344303511163214242124663113323352254420400001414515666626124505554133616642050640153131210251
599 -178 -146 555061504223261200356415261530556245352232434604041421106131165521064112261062636602103023211203013644444044624010325212331053520613431425630426605316344303511163214242124663113323352254420400001414515666626124505554133616642050640153131210251
609 -178 -149 555061504223261200356415261530556245352232434604041421106131165521064112261062636602103023211203013644444044624010325212331053520613431425630426605316344303511163214242124663113323352254420400001414515666626124505554133616642050640153131210251
619 -182 -129 555061504223261200356415261530556245352232434604041421106131165521064112261062636602103023211203013644444044624010325212331053520613431425630426605316344303511163214242124663113323352254420400001414515666626124505554133616642050640153131210251
629 -180 -156 555061504223261200356415261530556245352232434604041421106131165521064112261062636602103023211203013644444044624010325212331053520613431425630426605316344303511163214242124663113323352254420400001414515666626124505554133616642050640153131210251
639 -195 -164 555061504223261200356415261530556245352232434604041421106131165521064112261062636602103023211203013644444044624010325212331053520613431425630426605316344303511163214242124663113323352254420400001414515666626124505554133616642050640153131210251
649 -185 -159 555061504223261200356415261530556245352232434604041421106131165521064112261062636602103023211203013644444044624010325212331053520613431425630426605316344303511163214242124663113323352254420400001414515666626124505554133616642050640153131210251
659 -184 -136 555061504223261200356415261530556245352232434604041421106131165521064112261062636602103023211203013644444044624010325212331053520613431425630426605316344303511163214242124663113323352254420400001414515666626124505554133616642050640153131210251
669 -195 -109 555061504223261200356415261530556245352232434604041421106131165521064112261062636602103023211203013644444044624010325212331053520613431425630426605316344303511163214242124663113323352254420400001414515666626124505554133616642050640153131210251
679 -197 -135 555061504223261200356415261530556245352232434604041421106131165521064112261062636602103023211203013644444044624010325212331053520613431425630426605316344303511163214242124663113323352254420400001414515666626124505554133616642050640153131210251
689 -201 -151 555061504223261200356415261530556245352232434604041421106131165521064112261062636602103023211203013644444044624010325212331053520613431425630426605316344303511163214242124663113323352254420400001414515666626124505554133616642050640153131210251
699 -194 -161 555061504223261200356415261530556245352232434604041421106131165521064112261062636602103023211203013644444044624010325212331053520613431425630426605316344303511163214242124663113323352254420400001414515666626124505554133616642050640153131210251
709 -182 -139 555061504223261200356415261530556245352232434604041421106131165521064112261062636602103023211203013644444044624010325212331053520613431425630426605316344303511163214242124663113323352254420400001414515666626124505554133616642050640153131210251
719 -190 -175 555061504223261200356415261530556245352232434604041421106131165521064112261062636602103023211203013644444044624010325212331053520613431425630426605316344303511163214242124663113323352254420400001414515666626124505554133616642050640153131210251
729 -182 -149 555061504223261200356415261530556245352232434604041421106131165521064112261062636602103023211203013644444044624010325212331053520613431425630426605316344303511163214242124663113323352254420400001414515666626124505554133616642050640153131210251
739 -194 -160 555061504223261200356415261530556245352232434604041421106131165521064112261062636602103023211203013644444044624010325212331053520613431425630426605316344303511163214242124663113323352254420400001414515666626124505554133616642050640153131210251
749 -186 -160 555061504223261200356415261530556245352232434604041421106131165521064112261062636602103023211203013644444044624010325212331053520613431425630426605316344303511163214242124663113323352254420400001414515666626124505554133616642050640153131210251
759 -195 -158 555061504223261200356415261530556245352232434604041421106131165521064112261062636602103023211203013644444044624010325212331053520613431425630426605316344303511163214242124663113323352254420400001414515666626124505554133616642050640153131210251
769 -185 -155 555061504223261200356415261530556245352232434604041421106131165521064112261062636602103023211203013644444044624010325212331053520613431425630426605316344303511163214242124663113323352254420400001414515666626124505554133616642050640153131210251
779 -170 -151 555061504223261200356415261530556245352232434604041421106131165521064112261062636602103023211203013644444044624010325212331053520613431425630426605316344303511163214242124663113323352254420400001414515666626124505554133616642050640153131210251
789 -181 -157 555061504223261200356415261530556245352232434604041421106131165521064112261062636602103023211203013644444044624010325212331053520613431425630426605316344303511163214242124663113323352254420400001414515666626124505554133616642050640153131210251
799 -184 -168 555061504223261200356415261530556245352232434604041421106131165521064112261062636602103023211203013644444044624010325212331053520613431425630426605316344303511163214242124663113323352254420400001414515666626124505554133616642050640153131210251
809 -185 -137 555061504223261200356415261530556245352232434604041421106131165521064112261062636602103023211203013644444044624010325212331053520613431425630426605316344303511163214242124663113323352254420400001414515666626124505554133616642050640153131210251
819 -175 -140 555061504223261200356415261530556245352232434604041421106131165521064112261062636602103023211203013644444044624010325212331053520613431425630426605316344303511163214242124663113323352254420400001414515666626124505554133616642050640153131210251
829 -178 -102 555061504223261200356415261530556245352232434604041421106131165521064112261062636602103023211203013644444044624010325212331053520613431425630426605316344303511163214242124663113323352254420400001414515666626124505554133616642050640153131210251
839 -190 -158 555061504223261200356415261530556245352232434604041421106131165521064112261062636602103023211203013644444044624010325212331053520613431425630426605316344303511163214242124663113323352254420400001414515666626124505554133616642050640153131210251
849 -197 -159 555061504223261200356415261530556245352232434604041421106131165521064112261062636602103023211203013644444044624010325212331053520613431425630426605316344303511163214242124663113323352254420400001414515666626124505554133616642050640153131210251
859 -200 -157 555061504223261200356415261530556245352232434604041421106131165521064112261062636602103023211203013644444044624010325212331053520613431425630426605316344303511163214242124663113323352254420400001414515666626124505554133616642050640153131210251
869 -176 -141 555061504223261200356415261530556245352232434604041421106131165521064112261062636602103023211203013644444044624010325212331053520613431425630426605316344303511163214242124663113323352254420400001414515666626124505554133616642050640153131210251
879 -183 -154 555061504223261200356415261530556245352232434604041421106131165521064112261062636602103023211203013644444044624010325212331053520613431425630426605316344303511163214242124663113323352254420400001414515666626124505554133616642050640153131210251
889 -179 -144 555061504223261200356415261530556245352232434604041421106131165521064112261062636602103023211203013644444044624010325212331053520613431425630426605316344303511163214242124663113323352254420400001414515666626124505554133616642050640153131210251
899 -174 -122 555061504223261200356415261530556245352232434604041421106131165521064112261062636602103023211203013644444044624010325212331053520613431425630426605316344303511163214242124663113323352254420400001414515666626124505554133616642050640153131210251
909 -183 -154 555061504223261200356415261530556245352232434604041421106131165521064112261062636602103023211203013644444044624010325212331053520613431425630426605316344303511163214242124663113323352254420400001414515666626124505554133616642050640153131210251
919 -184 -143 555061504223261200356415261530556245352232434604041421106131165521064112261062636602103023211203013644444044624010325212331053520613431425630426605316344303511163214242124663113323352254420400001414515666626124505554133616642050640153131210251
929 -182 -151 555061504223261200356415261530556245352232434604041421106131165521064112261062636602103023211203013644444044624010325212331053520613431425630426605316344303511163214242124663113323352254420400001414515666626124505554133616642050640153131210251
939 -171 -145 555061504223261200356415261530556245352232434604041421106131165521064112261062636602103023211203013644444044624010325212331053520613431425630426605316344303511163214242124663113323352254420400001414515666626124505554133616642050640153131210251
949 -182 -149 555061504223261200356415261530556245352232434604041421106131165521064112261062636602103023211203013644444044624010325212331053520613431425630426605316344303511163214242124663113323352254420400001414515666626124505554133616642050640153131210251
959 -192 -151 555061504223261200356415261530556245352232434604041421106131165521064112261062636602103023211203013644444044624010325212331053520613431425630426605316344303511163214242124663113323352254420400001414515666626124505554133616642050640153131210251
969 -190 -147 555061504223261200356415261530556245352232434604041421106131165521064112261062636602103023211203013644444044624010325212331053520613431425630426605316344303511163214242124663113323352254420400001414515666626124505554133616642050640153131210251
979 -191 -159 555061504223261200356415261530556245352232434604041421106131165521064112261062636602103023211203013644444044624010325212331053520613431425630426605316344303511163214242124663113323352254420400001414515666626124505554133616642050640153131210251
989 -182 -118 555061504223261200356415261530556245352232434604041421106131165521064112261062636602103023211203013644444044624010325212331053520613431425630426605316344303511163214242124663113323352254420400001414515666626124505554133616642050640153131210251
999 -188 -155 555061504223261200356415261530556245352232434604041421106131165521064112261062636602103023211203013644444044624010325212331053520613431425630426605316344303511163214242124663113323352254420400001414515666626124505554133616642050640153131210251
